bones 5 {
	"Bone02" 4
	"Bone03" 0
	"Bone04" 1
	"end" 2
	"start" -1
}
surface "lamp_00" {
	vertex 118 {
		0.750000 0.000499
		weights 2 {
			0 0.051349 -17.667143 3.691133 -0.010308 -0.000000 1.000000 -0.000000
			4 0.948651 0.045038 3.691133 -0.010307 -0.000000 1.000000 -0.000000
		}
		0.625000 0.000499
		weights 2 {
			0 0.051266 -17.667143 2.597677 2.662676 -0.000000 0.707107 0.707107
			4 0.948734 0.045038 2.597678 2.662677 -0.000000 0.707107 0.707107
		}
		0.500000 0.000499
		weights 2 {
			0 0.050837 -17.667145 -0.042158 3.769860 -0.000000 -0.000000 1.000000
			4 0.949163 0.045038 -0.042157 3.769860 -0.000000 -0.000000 1.000000
		}
		0.375000 0.000499
		weights 2 {
			0 0.050409 -17.667145 -2.681993 2.662676 0.000000 -0.707107 0.707107
			4 0.949591 0.045038 -2.681992 2.662676 0.000000 -0.707107 0.707107
		}
		0.250000 0.000499
		weights 2 {
			0 0.050396 -17.667145 -3.775448 -0.010306 -0.000000 -1.000000 -0.000000
			4 0.949604 0.045037 -3.775447 -0.010306 -0.000000 -1.000000 -0.000000
		}
		0.125000 0.000499
		weights 2 {
			0 0.050400 -17.667143 -2.681992 -2.683289 -0.000000 -0.707107 -0.707107
			4 0.949600 0.045038 -2.681992 -2.683289 -0.000000 -0.707107 -0.707107
		}
		-0.000000 0.000499
		weights 2 {
			0 0.050513 -17.667143 -0.042157 -3.790474 0.000000 0.000000 -1.000000
			4 0.949487 0.045038 -0.042156 -3.790474 -0.000000 0.000000 -1.000000
		}
		0.875000 0.000499
		weights 2 {
			0 0.051035 -17.667143 2.597678 -2.683289 0.000000 0.707107 -0.707107
			4 0.948964 0.045038 2.597678 -2.683288 0.000000 0.707107 -0.707107
		}
		0.750000 0.091318
		weights 2 {
			0 0.252956 -10.913429 3.691133 -0.010306 0.000000 1.000000 -0.000000
			4 0.747044 6.798753 3.691133 -0.010307 0.000000 1.000000 -0.000000
		}
		0.625000 0.091318
		weights 2 {
			0 0.252703 -10.913429 2.597677 2.662676 0.000000 0.707107 0.707107
			4 0.747297 6.798752 2.597678 2.662676 0.000000 0.707107 0.707107
		}
		0.500000 0.091318
		weights 2 {
			0 0.251387 -10.913429 -0.042158 3.769861 -0.000000 -0.000000 1.000000
			4 0.748613 6.798752 -0.042157 3.769861 -0.000000 -0.000000 1.000000
		}
		0.375000 0.091318
		weights 2 {
			0 0.250151 -10.913430 -2.681993 2.662675 -0.000000 -0.707107 0.707107
			4 0.749849 6.798752 -2.681992 2.662675 -0.000000 -0.707107 0.707107
		}
		0.250000 0.091318
		weights 2 {
			0 0.250363 -10.913428 -3.775449 -0.010307 -0.000000 -1.000000 -0.000000
			4 0.749637 6.798753 -3.775448 -0.010307 -0.000000 -1.000000 -0.000000
		}
		0.125000 0.091318
		weights 2 {
			0 0.250307 -10.913429 -2.681993 -2.683288 -0.000000 -0.707107 -0.707107
			4 0.749693 6.798752 -2.681992 -2.683289 -0.000000 -0.707107 -0.707107
		}
		-0.000000 0.091318
		weights 2 {
			0 0.250392 -10.913429 -0.042158 -3.790474 -0.000000 0.000000 -1.000000
			4 0.749608 6.798752 -0.042157 -3.790474 -0.000000 0.000000 -1.000000
		}
		0.875000 0.091318
		weights 2 {
			0 0.251997 -10.913428 2.597677 -2.683288 0.000000 0.707107 -0.707107
			4 0.748003 6.798753 2.597678 -2.683288 -0.000000 0.707107 -0.707107
		}
		0.750000 0.182136
		weights 3 {
			0 0.457899 -4.159716 3.691132 -0.010307 0.000000 1.000000 -0.000000
			1 0.004659 -21.133883 3.691136 -0.010306 0.000000 1.000000 -0.000000
			4 0.537441 13.552465 3.691133 -0.010307 0.000000 1.000000 -0.000000
		}
		0.625000 0.182136
		weights 3 {
			0 0.457525 -4.159715 2.597677 2.662676 0.000000 0.707107 0.707107
			1 0.004650 -21.133881 2.597680 2.662677 0.000000 0.707107 0.707107
			4 0.537825 13.552467 2.597677 2.662676 0.000000 0.707107 0.707107
		}
		0.500000 0.182136
		weights 3 {
			0 0.455579 -4.159714 -0.042159 3.769861 -0.000000 -0.000000 1.000000
			1 0.004603 -21.133881 -0.042155 3.769862 -0.000000 -0.000000 1.000000
			4 0.539819 13.552468 -0.042158 3.769861 -0.000000 -0.000000 1.000000
		}
		0.375000 0.182136
		weights 3 {
			0 0.453688 -4.159715 -2.681993 2.662675 -0.000000 -0.707107 0.707107
			1 0.004550 -21.133883 -2.681990 2.662676 -0.000000 -0.707107 0.707107
			4 0.541763 13.552466 -2.681993 2.662675 -0.000000 -0.707107 0.707107
		}
		0.250000 0.182136
		weights 3 {
			0 0.453806 -4.159717 -3.775449 -0.010307 -0.000000 -1.000000 0.000000
			1 0.004530 -21.133884 -3.775445 -0.010306 -0.000000 -1.000000 0.000000
			4 0.541663 13.552464 -3.775448 -0.010307 -0.000000 -1.000000 0.000000
		}
		0.125000 0.182136
		weights 3 {
			0 0.453775 -4.159715 -2.681993 -2.683289 -0.000000 -0.707107 -0.707107
			1 0.004535 -21.133881 -2.681990 -2.683288 -0.000000 -0.707107 -0.707107
			4 0.541689 13.552466 -2.681993 -2.683289 -0.000000 -0.707107 -0.707107
		}
		-0.000000 0.182136
		weights 3 {
			0 0.454107 -4.159712 -0.042158 -3.790474 -0.000000 0.000000 -1.000000
			1 0.004567 -21.133879 -0.042155 -3.790473 -0.000000 0.000000 -1.000000
			4 0.541327 13.552469 -0.042157 -3.790474 -0.000000 0.000000 -1.000000
		}
		0.875000 0.182136
		weights 3 {
			0 0.456480 -4.159716 2.597677 -2.683288 0.000000 0.707107 -0.707107
			1 0.004625 -21.133883 2.597680 -2.683287 0.000000 0.707107 -0.707107
			4 0.538895 13.552465 2.597677 -2.683289 0.000000 0.707107 -0.707107
		}
		0.750000 0.272954
		weights 3 {
			0 0.475257 2.594000 3.691131 -0.010307 0.000000 1.000000 -0.000000
			1 0.073796 -14.380167 3.691134 -0.010306 0.000000 1.000000 -0.000000
			4 0.450948 20.306181 3.691132 -0.010307 0.000000 1.000000 -0.000000
		}
		0.625000 0.272954
		weights 3 {
			0 0.475649 2.594000 2.597677 2.662676 0.000000 0.707107 0.707107
			1 0.073752 -14.380167 2.597680 2.662677 0.000000 0.707107 0.707107
			4 0.450599 20.306181 2.597677 2.662676 0.000000 0.707107 0.707107
		}
		0.500000 0.272954
		weights 3 {
			0 0.477691 2.594001 -0.042159 3.769862 0.000000 0.000000 1.000000
			1 0.073524 -14.380166 -0.042156 3.769863 0.000000 0.000000 1.000000
			4 0.448785 20.306183 -0.042158 3.769861 0.000000 0.000000 1.000000
		}
		0.375000 0.272954
		weights 3 {
			0 0.479692 2.593999 -2.681994 2.662677 -0.000000 -0.707107 0.707107
			1 0.073311 -14.380168 -2.681991 2.662678 -0.000000 -0.707107 0.707107
			4 0.446997 20.306181 -2.681993 2.662676 -0.000000 -0.707107 0.707107
		}
		0.250000 0.272954
		weights 3 {
			0 0.479620 2.593999 -3.775450 -0.010307 -0.000000 -1.000000 -0.000000
			1 0.073361 -14.380168 -3.775446 -0.010306 -0.000000 -1.000000 -0.000000
			4 0.447019 20.306181 -3.775449 -0.010307 -0.000000 -1.000000 -0.000000
		}
		0.125000 0.272954
		weights 3 {
			0 0.479639 2.594003 -2.681994 -2.683288 -0.000000 -0.707107 -0.707107
			1 0.073348 -14.380163 -2.681991 -2.683287 -0.000000 -0.707107 -0.707107
			4 0.447013 20.306185 -2.681993 -2.683289 -0.000000 -0.707107 -0.707107
		}
		-0.000000 0.272954
		weights 3 {
			0 0.479236 2.594000 -0.042159 -3.790474 0.000000 0.000000 -1.000000
			1 0.073350 -14.380167 -0.042155 -3.790473 0.000000 0.000000 -1.000000
			4 0.447415 20.306181 -0.042158 -3.790474 -0.000000 0.000000 -1.000000
		}
		0.875000 0.272954
		weights 3 {
			0 0.476745 2.594000 2.597676 -2.683288 0.000000 0.707107 -0.707107
			1 0.073630 -14.380167 2.597679 -2.683287 0.000000 0.707107 -0.707107
			4 0.449625 20.306181 2.597677 -2.683289 0.000000 0.707107 -0.707107
		}
		0.750000 0.363773
		weights 3 {
			0 0.493498 9.347712 3.691131 -0.010306 -0.000000 1.000000 0.000000
			1 0.286000 -7.626455 3.691134 -0.010305 -0.000000 1.000000 0.000000
			4 0.220502 27.059893 3.691132 -0.010307 -0.000000 1.000000 0.000000
		}
		0.625000 0.363773
		weights 3 {
			0 0.493841 9.347715 2.597675 2.662676 -0.000000 0.707107 0.707107
			1 0.285802 -7.626452 2.597679 2.662677 -0.000000 0.707107 0.707107
			4 0.220357 27.059896 2.597676 2.662675 -0.000000 0.707107 0.707107
		}
		0.500000 0.363773
		weights 3 {
			0 0.495628 9.347711 -0.042160 3.769860 0.000000 -0.000000 1.000000
			1 0.284768 -7.626456 -0.042156 3.769861 0.000000 -0.000000 1.000000
			4 0.219604 27.059893 -0.042159 3.769859 0.000000 -0.000000 1.000000
		}
		0.375000 0.363773
		weights 3 {
			0 0.497323 9.347714 -2.681994 2.662676 0.000000 -0.707107 0.707107
			1 0.283781 -7.626452 -2.681991 2.662677 0.000000 -0.707107 0.707107
			4 0.218896 27.059896 -2.681994 2.662675 0.000000 -0.707107 0.707107
		}
		0.250000 0.363773
		weights 3 {
			0 0.497070 9.347716 -3.775450 -0.010306 -0.000000 -1.000000 0.000000
			1 0.283907 -7.626450 -3.775447 -0.010305 -0.000000 -1.000000 0.000000
			4 0.219023 27.059898 -3.775450 -0.010307 -0.000000 -1.000000 0.000000
		}
		0.125000 0.363773
		weights 3 {
			0 0.497136 9.347715 -2.681995 -2.683288 0.000000 -0.707107 -0.707107
			1 0.283874 -7.626452 -2.681992 -2.683287 0.000000 -0.707107 -0.707107
			4 0.218990 27.059896 -2.681994 -2.683289 0.000000 -0.707107 -0.707107
		}
		-0.000000 0.363773
		weights 3 {
			0 0.496983 9.347713 -0.042159 -3.790473 0.000000 0.000000 -1.000000
			1 0.283984 -7.626453 -0.042156 -3.790473 0.000000 0.000000 -1.000000
			4 0.219033 27.059895 -0.042158 -3.790474 0.000000 0.000000 -1.000000
		}
		0.875000 0.363773
		weights 3 {
			0 0.494800 9.347715 2.597676 -2.683288 0.000000 0.707107 -0.707107
			1 0.285247 -7.626451 2.597679 -2.683287 0.000000 0.707107 -0.707107
			4 0.219953 27.059896 2.597676 -2.683289 0.000000 0.707107 -0.707107
		}
		0.750000 0.454591
		weights 4 {
			0 0.469266 16.101431 3.691130 -0.010306 0.000000 1.000000 -0.000000
			1 0.469266 -0.872736 3.691133 -0.010305 0.000000 1.000000 -0.000000
			2 0.017314 -18.584917 3.691135 -0.010305 0.000000 1.000000 -0.000000
			4 0.044153 33.813614 3.691131 -0.010307 0.000000 1.000000 -0.000000
		}
		0.625000 0.454591
		weights 4 {
			0 0.469313 16.101427 2.597675 2.662678 -0.000000 0.707107 0.707107
			1 0.469313 -0.872740 2.597679 2.662679 -0.000000 0.707107 0.707107
			2 0.017284 -18.584921 2.597680 2.662679 -0.000000 0.707107 0.707107
			4 0.044090 33.813610 2.597676 2.662677 -0.000000 0.707107 0.707107
		}
		0.500000 0.454591
		weights 4 {
			0 0.469555 16.101427 -0.042160 3.769862 -0.000000 -0.000000 1.000000
			1 0.469555 -0.872740 -0.042157 3.769863 -0.000000 -0.000000 1.000000
			2 0.017127 -18.584921 -0.042155 3.769863 -0.000000 -0.000000 1.000000
			4 0.043763 33.813610 -0.042159 3.769861 -0.000000 -0.000000 1.000000
		}
		0.375000 0.454591
		weights 4 {
			0 0.471583 16.101423 -2.681995 2.662675 -0.000000 -0.707107 0.707107
			1 0.467774 -0.872744 -2.681991 2.662676 -0.000000 -0.707107 0.707107
			2 0.017032 -18.584925 -2.681990 2.662676 -0.000000 -0.707107 0.707107
			4 0.043611 33.813602 -2.681994 2.662674 -0.000000 -0.707107 0.707107
		}
		0.250000 0.454591
		weights 4 {
			0 0.471576 16.101427 -3.775450 -0.010305 -0.000000 -1.000000 0.000000
			1 0.467779 -0.872740 -3.775447 -0.010304 -0.000000 -1.000000 0.000000
			2 0.017018 -18.584921 -3.775446 -0.010304 -0.000000 -1.000000 0.000000
			4 0.043628 33.813606 -3.775450 -0.010306 -0.000000 -1.000000 0.000000
		}
		0.125000 0.454591
		weights 4 {
			0 0.471578 16.101431 -2.681995 -2.683287 0.000000 -0.707107 -0.707107
			1 0.467777 -0.872736 -2.681992 -2.683286 0.000000 -0.707107 -0.707107
			2 0.017022 -18.584917 -2.681990 -2.683286 0.000000 -0.707107 -0.707107
			4 0.043623 33.813610 -2.681994 -2.683289 0.000000 -0.707107 -0.707107
		}
		-0.000000 0.454591
		weights 4 {
			0 0.471086 16.101427 -0.042160 -3.790473 0.000000 0.000000 -1.000000
			1 0.468215 -0.872740 -0.042156 -3.790472 0.000000 0.000000 -1.000000
			2 0.017058 -18.584921 -0.042155 -3.790472 0.000000 0.000000 -1.000000
			4 0.043641 33.813610 -0.042159 -3.790474 0.000000 0.000000 -1.000000
		}
		0.875000 0.454591
		weights 4 {
			0 0.469443 16.101427 2.597675 -2.683287 0.000000 0.707107 -0.707107
			1 0.469443 -0.872740 2.597678 -2.683286 0.000000 0.707107 -0.707107
			2 0.017200 -18.584921 2.597680 -2.683286 0.000000 0.707107 -0.707107
			4 0.043915 33.813610 2.597676 -2.683289 0.000000 0.707107 -0.707107
		}
		0.750000 0.545409
		weights 4 {
			0 0.359475 22.855148 3.691130 -0.010307 0.000000 1.000000 -0.000000
			1 0.498908 5.880981 3.691133 -0.010306 0.000000 1.000000 -0.000000
			2 0.140790 -11.831200 3.691134 -0.010306 0.000000 1.000000 -0.000000
			4 0.000827 40.567329 3.691130 -0.010308 0.000000 1.000000 -0.000000
		}
		0.625000 0.545409
		weights 4 {
			0 0.359210 22.855141 2.597675 2.662677 0.000000 0.707107 0.707107
			1 0.499265 5.880973 2.597678 2.662678 0.000000 0.707107 0.707107
			2 0.140701 -11.831207 2.597680 2.662678 0.000000 0.707107 0.707107
			4 0.000824 40.567322 2.597676 2.662676 0.000000 0.707107 0.707107
		}
		0.500000 0.545409
		weights 4 {
			0 0.357830 22.855141 -0.042161 3.769863 0.000000 -0.000000 1.000000
			1 0.501123 5.880973 -0.042157 3.769864 0.000000 -0.000000 1.000000
			2 0.140238 -11.831208 -0.042156 3.769864 0.000000 -0.000000 1.000000
			4 0.000809 40.567322 -0.042160 3.769861 0.000000 -0.000000 1.000000
		}
		0.375000 0.545409
		weights 4 {
			0 0.356497 22.855141 -2.681996 2.662678 -0.000000 -0.707107 0.707107
			1 0.502903 5.880973 -2.681992 2.662678 -0.000000 -0.707107 0.707107
			2 0.139808 -11.831208 -2.681991 2.662678 -0.000000 -0.707107 0.707107
			4 0.000791 40.567322 -2.681995 2.662676 -0.000000 -0.707107 0.707107
		}
		0.250000 0.545409
		weights 4 {
			0 0.356611 22.855137 -3.775451 -0.010306 -0.000000 -1.000000 -0.000000
			1 0.502701 5.880970 -3.775448 -0.010305 -0.000000 -1.000000 -0.000000
			2 0.139906 -11.831212 -3.775446 -0.010305 -0.000000 -1.000000 -0.000000
			4 0.000782 40.567318 -3.775450 -0.010307 -0.000000 -1.000000 -0.000000
		}
		0.125000 0.545409
		weights 4 {
			0 0.356581 22.855141 -2.681995 -2.683287 -0.000000 -0.707107 -0.707107
			1 0.502754 5.880973 -2.681992 -2.683286 -0.000000 -0.707107 -0.707107
			2 0.139881 -11.831207 -2.681990 -2.683286 -0.000000 -0.707107 -0.707107
			4 0.000784 40.567322 -2.681994 -2.683289 -0.000000 -0.707107 -0.707107
		}
		-0.000000 0.545409
		weights 4 {
			0 0.356785 22.855148 -0.042160 -3.790473 0.000000 0.000000 -1.000000
			1 0.502531 5.880981 -0.042157 -3.790472 0.000000 0.000000 -1.000000
			2 0.139887 -11.831200 -0.042155 -3.790472 0.000000 0.000000 -1.000000
			4 0.000797 40.567329 -0.042160 -3.790474 0.000000 0.000000 -1.000000
		}
		0.875000 0.545409
		weights 4 {
			0 0.358469 22.855145 2.597675 -2.683287 0.000000 0.707107 -0.707107
			1 0.500262 5.880978 2.597678 -2.683286 0.000000 0.707107 -0.707107
			2 0.140453 -11.831203 2.597680 -2.683286 0.000000 0.707107 -0.707107
			4 0.000816 40.567326 2.597676 -2.683288 0.000000 0.707107 -0.707107
		}
		0.750000 0.636227
		weights 3 {
			0 0.117455 29.608856 3.691130 -0.010305 0.000000 1.000000 0.000000
			1 0.494728 12.634689 3.691133 -0.010304 0.000000 1.000000 0.000000
			2 0.387817 -5.077492 3.691134 -0.010304 0.000000 1.000000 0.000000
		}
		0.625000 0.636227
		weights 3 {
			0 0.117382 29.608856 2.597674 2.662678 -0.000000 0.707107 0.707107
			1 0.495093 12.634689 2.597677 2.662678 -0.000000 0.707107 0.707107
			2 0.387525 -5.077492 2.597678 2.662678 -0.000000 0.707107 0.707107
		}
		0.500000 0.636227
		weights 3 {
			0 0.117001 29.608849 -0.042161 3.769863 -0.000000 -0.000000 1.000000
			1 0.496990 12.634681 -0.042158 3.769864 -0.000000 -0.000000 1.000000
			2 0.386009 -5.077500 -0.042156 3.769864 -0.000000 -0.000000 1.000000
		}
		0.375000 0.636227
		weights 3 {
			0 0.116647 29.608856 -2.681996 2.662677 -0.000000 -0.707107 0.707107
			1 0.498817 12.634688 -2.681993 2.662678 -0.000000 -0.707107 0.707107
			2 0.384536 -5.077492 -2.681991 2.662678 -0.000000 -0.707107 0.707107
		}
		0.250000 0.636227
		weights 3 {
			0 0.116728 29.608856 -3.775452 -0.010305 -0.000000 -1.000000 -0.000000
			1 0.498642 12.634688 -3.775449 -0.010304 -0.000000 -1.000000 -0.000000
			2 0.384630 -5.077492 -3.775447 -0.010304 -0.000000 -1.000000 -0.000000
		}
		0.125000 0.636227
		weights 3 {
			0 0.116707 29.608856 -2.681996 -2.683287 0.000000 -0.707107 -0.707107
			1 0.498688 12.634689 -2.681992 -2.683286 0.000000 -0.707107 -0.707107
			2 0.384605 -5.077492 -2.681991 -2.683286 0.000000 -0.707107 -0.707107
		}
		-0.000000 0.636227
		weights 3 {
			0 0.116711 29.608849 -0.042161 -3.790472 0.000000 0.000000 -1.000000
			1 0.498427 12.634682 -0.042157 -3.790471 0.000000 0.000000 -1.000000
			2 0.384862 -5.077499 -0.042156 -3.790471 0.000000 0.000000 -1.000000
		}
		0.875000 0.636227
		weights 3 {
			0 0.117178 29.608852 2.597674 -2.683286 0.000000 0.707107 -0.707107
			1 0.496111 12.634686 2.597678 -2.683285 0.000000 0.707107 -0.707107
			2 0.386711 -5.077496 2.597679 -2.683285 0.000000 0.707107 -0.707107
		}
		0.750000 0.727046
		weights 3 {
			0 0.012483 36.362564 3.691129 -0.010305 0.000000 1.000000 -0.000000
			1 0.490971 19.388397 3.691132 -0.010304 0.000000 1.000000 -0.000000
			2 0.496545 1.676216 3.691133 -0.010304 0.000000 1.000000 -0.000000
		}
		0.625000 0.727046
		weights 3 {
			0 0.012468 36.362564 2.597673 2.662678 0.000000 0.707107 0.707107
			1 0.490576 19.388397 2.597677 2.662679 0.000000 0.707107 0.707107
			2 0.496956 1.676216 2.597678 2.662679 0.000000 0.707107 0.707107
		}
		0.500000 0.727046
		weights 3 {
			0 0.012390 36.362564 -0.042162 3.769863 -0.000000 0.000000 1.000000
			1 0.488522 19.388397 -0.042158 3.769864 -0.000000 0.000000 1.000000
			2 0.499088 1.676216 -0.042157 3.769864 -0.000000 0.000000 1.000000
		}
		0.375000 0.727046
		weights 3 {
			0 0.012306 36.362572 -2.681997 2.662678 -0.000000 -0.707107 0.707107
			1 0.486499 19.388405 -2.681993 2.662679 -0.000000 -0.707107 0.707107
			2 0.501195 1.676223 -2.681992 2.662679 -0.000000 -0.707107 0.707107
		}
		0.250000 0.727046
		weights 3 {
			0 0.012287 36.362572 -3.775452 -0.010305 -0.000000 -1.000000 -0.000000
			1 0.486530 19.388405 -3.775449 -0.010304 -0.000000 -1.000000 -0.000000
			2 0.501183 1.676223 -3.775447 -0.010304 -0.000000 -1.000000 -0.000000
		}
		0.125000 0.727046
		weights 3 {
			0 0.012292 36.362564 -2.681996 -2.683286 -0.000000 -0.707107 -0.707107
			1 0.486522 19.388397 -2.681993 -2.683285 -0.000000 -0.707107 -0.707107
			2 0.501186 1.676216 -2.681992 -2.683285 -0.000000 -0.707107 -0.707107
		}
		-0.000000 0.727046
		weights 3 {
			0 0.012331 36.362572 -0.042161 -3.790472 0.000000 0.000000 -1.000000
			1 0.486970 19.388405 -0.042158 -3.790471 0.000000 0.000000 -1.000000
			2 0.500699 1.676224 -0.042156 -3.790471 0.000000 0.000000 -1.000000
		}
		0.875000 0.727046
		weights 3 {
			0 0.012426 36.362564 2.597674 -2.683286 0.000000 0.707107 -0.707107
			1 0.489473 19.388397 2.597677 -2.683285 0.000000 0.707107 -0.707107
			2 0.498100 1.676216 2.597678 -2.683285 0.000000 0.707107 -0.707107
		}
		0.750000 0.817864
		weights 2 {
			1 0.340448 26.142113 3.691132 -0.010303 0.000000 1.000000 -0.000000
			2 0.659552 8.429932 3.691133 -0.010303 0.000000 1.000000 -0.000000
		}
		0.625000 0.817864
		weights 2 {
			1 0.340141 26.142113 2.597676 2.662679 -0.000000 0.707107 0.707107
			2 0.659859 8.429932 2.597678 2.662679 -0.000000 0.707107 0.707107
		}
		0.500000 0.817864
		weights 2 {
			1 0.338543 26.142117 -0.042159 3.769865 -0.000000 -0.000000 1.000000
			2 0.661457 8.429935 -0.042157 3.769865 -0.000000 -0.000000 1.000000
		}
		0.375000 0.817864
		weights 2 {
			1 0.337033 26.142117 -2.681994 2.662678 -0.000000 -0.707107 0.707107
			2 0.662967 8.429935 -2.681992 2.662678 -0.000000 -0.707107 0.707107
		}
		0.250000 0.817864
		weights 2 {
			1 0.337263 26.142120 -3.775450 -0.010304 -0.000000 -1.000000 -0.000000
			2 0.662737 8.429938 -3.775448 -0.010304 -0.000000 -1.000000 -0.000000
		}
		0.125000 0.817864
		weights 2 {
			1 0.337202 26.142120 -2.681993 -2.683285 -0.000000 -0.707107 -0.707107
			2 0.662798 8.429939 -2.681992 -2.683285 -0.000000 -0.707107 -0.707107
		}
		-0.000000 0.817864
		weights 2 {
			1 0.337335 26.142120 -0.042158 -3.790471 0.000000 0.000000 -1.000000
			2 0.662665 8.429939 -0.042157 -3.790471 0.000000 0.000000 -1.000000
		}
		0.875000 0.817864
		weights 2 {
			1 0.339283 26.142113 2.597677 -2.683284 0.000000 0.707107 -0.707107
			2 0.660717 8.429932 2.597678 -2.683284 0.000000 0.707107 -0.707107
		}
		0.750000 0.908682
		weights 3 {
			1 0.087357 32.895828 3.691131 -0.010303 0.000000 1.000000 -0.000000
			2 0.702545 15.183647 3.691133 -0.010303 0.000000 1.000000 -0.000000
			3 0.210097 3.691155 0.010288 2.216849 1.000000 -0.000000 0.000000
		}
		0.625000 0.908682
		weights 3 {
			1 0.077556 32.895828 2.597676 2.662679 -0.000000 0.707107 0.707107
			2 0.624633 15.183647 2.597677 2.662679 -0.000000 0.707107 0.707107
			3 0.297811 2.597700 -2.662694 2.216849 0.707107 -0.707107 -0.000000
		}
		0.500000 0.908682
		weights 3 {
			1 0.086733 32.895828 -0.042159 3.769865 -0.000000 0.000000 1.000000
			2 0.703881 15.183646 -0.042158 3.769865 -0.000000 0.000000 1.000000
			3 0.209385 -0.042135 -3.769880 2.216849 0.000000 -1.000000 -0.000000
		}
		0.375000 0.908682
		weights 3 {
			1 0.108969 32.895828 -2.681994 2.662681 -0.000000 -0.707107 0.707107
			2 0.890874 15.183646 -2.681993 2.662681 -0.000000 -0.707107 0.707107
			3 0.000157 -2.681970 -2.662695 2.216849 -0.707107 -0.707107 -0.000000
		}
		0.250000 0.908682
		weights 2 {
			1 0.109050 32.895828 -3.775450 -0.010303 -0.000000 -1.000000 -0.000000
			2 0.890950 15.183646 -3.775448 -0.010303 -0.000000 -1.000000 -0.000000
		}
		0.125000 0.908682
		weights 3 {
			1 0.109033 32.895836 -2.681994 -2.683285 -0.000000 -0.707107 -0.707107
			2 0.890964 15.183655 -2.681993 -2.683285 -0.000000 -0.707107 -0.707107
			3 0.000003 -2.681969 2.683270 2.216842 -0.707107 0.707107 0.000000
		}
		-0.000000 0.908682
		weights 3 {
			1 0.088236 32.895828 -0.042159 -3.790470 0.000000 0.000000 -1.000000
			2 0.720230 15.183647 -0.042157 -3.790470 0.000000 0.000000 -1.000000
			3 0.191533 -0.042134 3.790456 2.216850 0.000000 1.000000 0.000000
		}
		0.875000 0.908682
		weights 3 {
			1 0.078386 32.895828 2.597676 -2.683284 0.000000 0.707107 -0.707107
			2 0.633900 15.183647 2.597677 -2.683284 0.000000 0.707107 -0.707107
			3 0.287714 2.597701 2.683269 2.216850 0.707107 0.707107 0.000000
		}
		0.750000 0.999500
		weights 3 {
			1 0.000031 42.162552 3.691130 -0.010302 0.000000 1.000000 -0.000000
			2 0.394377 24.450371 3.691132 -0.010302 0.000000 1.000000 -0.000000
			3 0.605592 3.691155 0.010289 -7.049874 1.000000 0.000000 -0.000000
		}
		0.625000 0.999500
		weights 3 {
			1 0.000031 42.162544 2.597675 2.662681 -0.000000 0.707107 0.707107
			2 0.394038 24.450363 2.597677 2.662681 -0.000000 0.707107 0.707107
			3 0.605932 2.597700 -2.662694 -7.049867 0.707107 -0.707107 0.000000
		}
		0.500000 0.999500
		weights 3 {
			1 0.000029 42.162544 -0.042160 3.769865 -0.000000 -0.000000 1.000000
			2 0.392276 24.450363 -0.042159 3.769865 -0.000000 -0.000000 1.000000
			3 0.607696 -0.042135 -3.769878 -7.049867 -0.000000 -1.000000 -0.000000
		}
		0.375000 0.999500
		weights 3 {
			1 0.000026 42.162552 -2.681995 2.662680 -0.000000 -0.707107 0.707107
			2 0.390129 24.450371 -2.681994 2.662680 -0.000000 -0.707107 0.707107
			3 0.609845 -2.681970 -2.662693 -7.049875 -0.707107 -0.707107 -0.000000
		}
		0.250000 0.999500
		weights 3 {
			1 0.000025 42.162544 -3.775450 -0.010303 -0.000000 -1.000000 -0.000000
			2 0.388854 24.450363 -3.775449 -0.010303 -0.000000 -1.000000 -0.000000
			3 0.611121 -3.775425 0.010290 -7.049867 -1.000000 0.000000 0.000000
		}
		0.125000 0.999500
		weights 3 {
			1 0.000025 42.162544 -2.681995 -2.683285 -0.000000 -0.707107 -0.707107
			2 0.389190 24.450363 -2.681993 -2.683285 -0.000000 -0.707107 -0.707107
			3 0.610785 -2.681969 2.683271 -7.049867 -0.707107 0.707107 0.000000
		}
		-0.000000 0.999500
		weights 3 {
			1 0.000027 42.162544 -0.042160 -3.790470 0.000000 0.000000 -1.000000
			2 0.390943 24.450363 -0.042158 -3.790470 0.000000 0.000000 -1.000000
			3 0.609030 -0.042134 3.790457 -7.049866 0.000000 1.000000 0.000000
		}
		0.875000 0.999500
		weights 3 {
			1 0.000029 42.162544 2.597675 -2.683284 0.000000 0.707107 -0.707107
			2 0.393092 24.450363 2.597677 -2.683284 0.000000 0.707107 -0.707107
			3 0.606879 2.597701 2.683270 -7.049867 0.707107 0.707107 0.000000
		}
		0.500000 0.999500
		weights 3 {
			1 0.000431 42.162537 -0.042160 -0.010303 1.000000 -0.000000 -0.000000
			2 0.499784 24.450356 -0.042159 -0.010303 1.000000 -0.000000 -0.000000
			3 0.499784 -0.042135 0.010290 -7.049859 -0.000000 0.000000 -1.000000
		}
		0.750000 0.999500
		weights 3 {
			1 0.000031 42.162552 3.691130 -0.010302 1.000000 -0.000002 0.000000
			2 0.394377 24.450371 3.691132 -0.010302 1.000000 -0.000002 0.000000
			3 0.605592 3.691155 0.010289 -7.049874 -0.000002 0.000000 -1.000000
		}
		0.625000 0.999500
		weights 3 {
			1 0.000031 42.162544 2.597675 2.662681 1.000000 -0.000001 -0.000000
			2 0.394038 24.450363 2.597677 2.662681 1.000000 -0.000001 -0.000000
			3 0.605932 2.597700 -2.662694 -7.049867 -0.000001 0.000000 -1.000000
		}
		0.500000 0.999500
		weights 3 {
			1 0.000029 42.162544 -0.042160 3.769865 1.000000 0.000001 -0.000001
			2 0.392276 24.450363 -0.042159 3.769865 1.000000 0.000001 -0.000001
			3 0.607696 -0.042135 -3.769878 -7.049867 0.000001 0.000001 -1.000000
		}
		0.375000 0.999500
		weights 3 {
			1 0.000026 42.162552 -2.681995 2.662680 1.000000 0.000001 -0.000001
			2 0.390129 24.450371 -2.681994 2.662680 1.000000 0.000001 -0.000001
			3 0.609845 -2.681970 -2.662693 -7.049875 0.000001 0.000002 -1.000000
		}
		0.250000 0.999500
		weights 3 {
			1 0.000025 42.162544 -3.775450 -0.010303 1.000000 0.000001 -0.000001
			2 0.388854 24.450363 -3.775449 -0.010303 1.000000 0.000001 -0.000001
			3 0.611121 -3.775425 0.010290 -7.049867 0.000001 0.000001 -1.000000
		}
		0.125000 0.999500
		weights 3 {
			1 0.000025 42.162544 -2.681995 -2.683285 1.000000 0.000001 0.000001
			2 0.389190 24.450363 -2.681993 -2.683285 1.000000 0.000001 0.000001
			3 0.610785 -2.681969 2.683271 -7.049867 0.000001 -0.000001 -1.000000
		}
		-0.000000 0.999500
		weights 3 {
			1 0.000027 42.162544 -0.042160 -3.790470 1.000000 -0.000000 0.000001
			2 0.390943 24.450363 -0.042158 -3.790470 1.000000 -0.000000 0.000001
			3 0.609030 -0.042134 3.790457 -7.049866 -0.000000 -0.000001 -1.000000
		}
		0.875000 0.999500
		weights 3 {
			1 0.000029 42.162544 2.597675 -2.683284 1.000000 -0.000001 0.000000
			2 0.393092 24.450363 2.597677 -2.683284 1.000000 -0.000001 0.000000
			3 0.606879 2.597701 2.683270 -7.049867 -0.000001 -0.000000 -1.000000
		}
		1.000000 0.000499
		weights 2 {
			0 0.050513 -17.667143 -0.042157 -3.790474 0.000000 0.000000 -1.000000
			4 0.949487 0.045038 -0.042156 -3.790474 -0.000000 0.000000 -1.000000
		}
		1.000000 0.091318
		weights 2 {
			0 0.250392 -10.913429 -0.042158 -3.790474 -0.000000 0.000000 -1.000000
			4 0.749608 6.798752 -0.042157 -3.790474 -0.000000 0.000000 -1.000000
		}
		1.000000 0.182136
		weights 3 {
			0 0.454107 -4.159712 -0.042158 -3.790474 -0.000000 0.000000 -1.000000
			1 0.004567 -21.133879 -0.042155 -3.790473 -0.000000 0.000000 -1.000000
			4 0.541327 13.552469 -0.042157 -3.790474 -0.000000 0.000000 -1.000000
		}
		1.000000 0.272954
		weights 3 {
			0 0.479236 2.594000 -0.042159 -3.790474 0.000000 0.000000 -1.000000
			1 0.073350 -14.380167 -0.042155 -3.790473 0.000000 0.000000 -1.000000
			4 0.447415 20.306181 -0.042158 -3.790474 -0.000000 0.000000 -1.000000
		}
		1.000000 0.363773
		weights 3 {
			0 0.496983 9.347713 -0.042159 -3.790473 0.000000 0.000000 -1.000000
			1 0.283984 -7.626453 -0.042156 -3.790473 0.000000 0.000000 -1.000000
			4 0.219033 27.059895 -0.042158 -3.790474 0.000000 0.000000 -1.000000
		}
		1.000000 0.454591
		weights 4 {
			0 0.471086 16.101427 -0.042160 -3.790473 0.000000 0.000000 -1.000000
			1 0.468215 -0.872740 -0.042156 -3.790472 0.000000 0.000000 -1.000000
			2 0.017058 -18.584921 -0.042155 -3.790472 0.000000 0.000000 -1.000000
			4 0.043641 33.813610 -0.042159 -3.790474 0.000000 0.000000 -1.000000
		}
		1.000000 0.545409
		weights 4 {
			0 0.356785 22.855148 -0.042160 -3.790473 0.000000 0.000000 -1.000000
			1 0.502531 5.880981 -0.042157 -3.790472 0.000000 0.000000 -1.000000
			2 0.139887 -11.831200 -0.042155 -3.790472 0.000000 0.000000 -1.000000
			4 0.000797 40.567329 -0.042160 -3.790474 0.000000 0.000000 -1.000000
		}
		1.000000 0.636227
		weights 3 {
			0 0.116711 29.608849 -0.042161 -3.790472 0.000000 0.000000 -1.000000
			1 0.498427 12.634682 -0.042157 -3.790471 0.000000 0.000000 -1.000000
			2 0.384862 -5.077499 -0.042156 -3.790471 0.000000 0.000000 -1.000000
		}
		1.000000 0.727046
		weights 3 {
			0 0.012331 36.362572 -0.042161 -3.790472 0.000000 0.000000 -1.000000
			1 0.486970 19.388405 -0.042158 -3.790471 0.000000 0.000000 -1.000000
			2 0.500699 1.676224 -0.042156 -3.790471 0.000000 0.000000 -1.000000
		}
		1.000000 0.817864
		weights 2 {
			1 0.337335 26.142120 -0.042158 -3.790471 0.000000 0.000000 -1.000000
			2 0.662665 8.429939 -0.042157 -3.790471 0.000000 0.000000 -1.000000
		}
		1.000000 0.908682
		weights 3 {
			1 0.088236 32.895828 -0.042159 -3.790470 0.000000 0.000000 -1.000000
			2 0.720230 15.183647 -0.042157 -3.790470 0.000000 0.000000 -1.000000
			3 0.191533 -0.042134 3.790456 2.216850 0.000000 1.000000 0.000000
		}
		1.000000 0.999500
		weights 3 {
			1 0.000027 42.162544 -0.042160 -3.790470 0.000000 0.000000 -1.000000
			2 0.390943 24.450363 -0.042158 -3.790470 0.000000 0.000000 -1.000000
			3 0.609030 -0.042134 3.790457 -7.049866 0.000000 1.000000 0.000000
		}
		1.000000 0.999500
		weights 3 {
			1 0.000027 42.162544 -0.042160 -3.790470 1.000000 -0.000000 0.000001
			2 0.390943 24.450363 -0.042158 -3.790470 1.000000 -0.000000 0.000001
			3 0.609030 -0.042134 3.790457 -7.049866 -0.000000 -0.000001 -1.000000
		}
	}
	triangles 184 {
		0 9 8
		0 1 9
		1 10 9
		1 2 10
		2 11 10
		2 3 11
		3 12 11
		3 4 12
		4 13 12
		4 5 13
		5 14 13
		5 6 14
		105 15 106
		105 7 15
		7 8 15
		7 0 8
		8 17 16
		8 9 17
		9 18 17
		9 10 18
		10 19 18
		10 11 19
		11 20 19
		11 12 20
		12 21 20
		12 13 21
		13 22 21
		13 14 22
		106 23 107
		106 15 23
		15 16 23
		15 8 16
		16 25 24
		16 17 25
		17 26 25
		17 18 26
		18 27 26
		18 19 27
		19 28 27
		19 20 28
		20 29 28
		20 21 29
		21 30 29
		21 22 30
		107 31 108
		107 23 31
		23 24 31
		23 16 24
		24 33 32
		24 25 33
		25 34 33
		25 26 34
		26 35 34
		26 27 35
		27 36 35
		27 28 36
		28 37 36
		28 29 37
		29 38 37
		29 30 38
		108 39 109
		108 31 39
		31 32 39
		31 24 32
		32 41 40
		32 33 41
		33 42 41
		33 34 42
		34 43 42
		34 35 43
		35 44 43
		35 36 44
		36 45 44
		36 37 45
		37 46 45
		37 38 46
		109 47 110
		109 39 47
		39 40 47
		39 32 40
		40 49 48
		40 41 49
		41 50 49
		41 42 50
		42 51 50
		42 43 51
		43 52 51
		43 44 52
		44 53 52
		44 45 53
		45 54 53
		45 46 54
		110 55 111
		110 47 55
		47 48 55
		47 40 48
		48 57 56
		48 49 57
		49 58 57
		49 50 58
		50 59 58
		50 51 59
		51 60 59
		51 52 60
		52 61 60
		52 53 61
		53 62 61
		53 54 62
		111 63 112
		111 55 63
		55 56 63
		55 48 56
		56 65 64
		56 57 65
		57 66 65
		57 58 66
		58 67 66
		58 59 67
		59 68 67
		59 60 68
		60 69 68
		60 61 69
		61 70 69
		61 62 70
		112 71 113
		112 63 71
		63 64 71
		63 56 64
		64 73 72
		64 65 73
		65 74 73
		65 66 74
		66 75 74
		66 67 75
		67 76 75
		67 68 76
		68 77 76
		68 69 77
		69 78 77
		69 70 78
		113 79 114
		113 71 79
		71 72 79
		71 64 72
		72 81 80
		72 73 81
		73 82 81
		73 74 82
		74 83 82
		74 75 83
		75 84 83
		75 76 84
		76 85 84
		76 77 85
		77 86 85
		77 78 86
		114 87 115
		114 79 87
		79 80 87
		79 72 80
		80 89 88
		80 81 89
		81 90 89
		81 82 90
		82 91 90
		82 83 91
		83 92 91
		83 84 92
		84 93 92
		84 85 93
		85 94 93
		85 86 94
		115 95 116
		115 87 95
		87 88 95
		87 80 88
		96 97 98
		96 98 99
		96 99 100
		96 100 101
		96 101 102
		96 102 103
		96 117 104
		96 104 97
	}
}
surface "lamp_01" {
	vertex 79 {
		0.489674 0.500000
		weights 1 {
			3 1.000000 -0.000556 0.006162 -4.023973 0.000000 -0.000000 1.000000
		}
		0.566449 0.500000
		weights 1 {
			3 1.000000 3.356176 0.006162 -4.023973 0.000000 -0.000000 1.000000
		}
		0.554262 0.541085
		weights 1 {
			3 1.000000 2.823308 -1.808625 -4.023973 0.000000 -0.000000 1.000000
		}
		0.521568 0.569126
		weights 1 {
			3 1.000000 1.393881 -3.047229 -4.023973 0.000000 -0.000000 1.000000
		}
		0.478748 0.575220
		weights 1 {
			3 1.000000 -0.478269 -3.316404 -4.023973 0.000000 -0.000000 1.000000
		}
		0.439397 0.557432
		weights 1 {
			3 1.000000 -2.198748 -2.530687 -4.023973 0.000000 -0.000000 1.000000
		}
		0.416009 0.521410
		weights 1 {
			3 1.000000 -3.221317 -0.939538 -4.023973 0.000000 -0.000000 1.000000
		}
		0.416009 0.478590
		weights 1 {
			3 1.000000 -3.221317 0.951864 -4.023973 0.000000 -0.000000 1.000000
		}
		0.439397 0.442568
		weights 1 {
			3 1.000000 -2.198746 2.543012 -4.023973 0.000000 -0.000000 1.000000
		}
		0.478748 0.424780
		weights 1 {
			3 1.000000 -0.478267 3.328728 -4.023972 0.000000 -0.000000 1.000000
		}
		0.521568 0.430874
		weights 1 {
			3 1.000000 1.393883 3.059554 -4.023973 0.000000 -0.000000 1.000000
		}
		0.554262 0.458915
		weights 1 {
			3 1.000000 2.823308 1.820948 -4.023973 0.000000 -0.000000 1.000000
		}
		0.870532 0.500000
		weights 1 {
			3 1.000000 49.210678 0.006165 -21.717684 0.579193 -0.000000 0.815191
		}
		0.810072 0.703812
		weights 1 {
			3 1.000000 41.398567 -26.599442 -21.717686 0.487248 -0.313135 0.815191
		}
		0.647888 0.842915
		weights 1 {
			3 1.000000 20.442524 -44.757950 -21.717688 0.240605 -0.526852 0.815191
		}
		0.435472 0.873144
		weights 1 {
			3 1.000000 -7.004053 -48.704166 -21.717690 -0.082428 -0.573298 0.815191
		}
		0.240265 0.784904
		weights 1 {
			3 1.000000 -32.227066 -37.185200 -21.717688 -0.379291 -0.437725 0.815191
		}
		0.124244 0.606208
		weights 1 {
			3 1.000000 -47.218391 -13.858234 -21.717684 -0.555731 -0.163177 0.815191
		}
		0.124244 0.393792
		weights 1 {
			3 1.000000 -47.218388 13.870582 -21.717682 -0.555731 0.163177 0.815191
		}
		0.240265 0.215096
		weights 1 {
			3 1.000000 -32.227055 37.197540 -21.717678 -0.379290 0.437725 0.815191
		}
		0.435473 0.126856
		weights 1 {
			3 1.000000 -7.004033 48.716503 -21.717678 -0.082428 0.573297 0.815191
		}
		0.647889 0.157086
		weights 1 {
			3 1.000000 20.442543 44.770271 -21.717678 0.240606 0.526852 0.815191
		}
		0.810073 0.296189
		weights 1 {
			3 1.000000 41.398579 26.611752 -21.717680 0.487248 0.313135 0.815191
		}
		0.999501 0.500000
		weights 1 {
			3 1.000000 59.022282 0.006166 -31.902849 0.720191 -0.000000 0.693776
		}
		0.918567 0.772828
		weights 1 {
			3 1.000000 49.652615 -31.903992 -31.902853 0.605863 -0.389365 0.693776
		}
		0.701464 0.959034
		weights 1 {
			3 1.000000 24.518410 -53.682899 -31.902855 0.299178 -0.655109 0.693776
		}
		0.417118 0.999500
		weights 1 {
			3 1.000000 -8.400392 -58.415901 -31.902855 -0.102494 -0.712860 0.693776
		}
		0.155809 0.881379
		weights 1 {
			3 1.000000 -38.652302 -44.600311 -31.902853 -0.471625 -0.544284 0.693776
		}
		0.000500 0.642172
		weights 1 {
			3 1.000000 -56.632561 -16.622480 -31.902851 -0.691018 -0.202901 0.693776
		}
		0.000500 0.357827
		weights 1 {
			3 1.000000 -56.632553 16.634832 -31.902847 -0.691018 0.202901 0.693776
		}
		0.155809 0.118621
		weights 1 {
			3 1.000000 -38.652283 44.612663 -31.902843 -0.471624 0.544284 0.693776
		}
		0.417119 0.000500
		weights 1 {
			3 1.000000 -8.400369 58.428238 -31.902842 -0.102494 0.712860 0.693776
		}
		0.701464 0.040966
		weights 1 {
			3 1.000000 24.518433 53.695221 -31.902842 0.299178 0.655108 0.693776
		}
		0.918568 0.227173
		weights 1 {
			3 1.000000 49.652626 31.916304 -31.902845 0.605863 0.389364 0.693776
		}
		0.744587 0.500000
		weights 1 {
			3 1.000000 55.778973 0.006166 -31.741732 -0.049616 0.000000 -0.998768
		}
		0.704121 0.636414
		weights 1 {
			3 1.000000 46.924168 -30.150528 -31.741734 -0.041739 0.026824 -0.998768
		}
		0.595569 0.729517
		weights 1 {
			3 1.000000 23.171087 -50.732685 -31.741737 -0.020611 0.045132 -0.998768
		}
		0.453396 0.749750
		weights 1 {
			3 1.000000 -7.938824 -55.205612 -31.741737 0.007061 0.049111 -0.998768
		}
		0.322742 0.690690
		weights 1 {
			3 1.000000 -36.528393 -42.149193 -31.741735 0.032492 0.037497 -0.998768
		}
		0.245087 0.571086
		weights 1 {
			3 1.000000 -53.520634 -15.708737 -31.741734 0.047606 0.013979 -0.998768
		}
		0.245087 0.428914
		weights 1 {
			3 1.000000 -53.520630 15.721087 -31.741730 0.047606 -0.013978 -0.998768
		}
		0.322742 0.309310
		weights 1 {
			3 1.000000 -36.528374 42.161530 -31.741726 0.032491 -0.037497 -0.998768
		}
		0.453396 0.250250
		weights 1 {
			3 1.000000 -7.938802 55.217945 -31.741724 0.007061 -0.049111 -0.998768
		}
		0.595569 0.270483
		weights 1 {
			3 1.000000 23.171108 50.744999 -31.741724 -0.020611 -0.045132 -0.998768
		}
		0.704121 0.363586
		weights 1 {
			3 1.000000 46.924179 30.162838 -31.741728 -0.041739 -0.026824 -0.998768
		}
		0.489674 0.500000
		weights 1 {
			3 1.000000 -0.000559 0.006163 -7.766572 -0.000000 0.000000 -1.000000
		}
		0.566449 0.500000
		weights 1 {
			3 1.000000 3.356176 0.006162 -4.023973 0.359996 -0.000000 0.932954
		}
		0.554262 0.541085
		weights 1 {
			3 1.000000 2.823308 -1.808625 -4.023973 0.302848 -0.194628 0.932954
		}
		0.521568 0.569126
		weights 1 {
			3 1.000000 1.393881 -3.047229 -4.023973 0.149548 -0.327464 0.932954
		}
		0.478748 0.575220
		weights 1 {
			3 1.000000 -0.478269 -3.316404 -4.023973 -0.051233 -0.356331 0.932954
		}
		0.439397 0.557432
		weights 1 {
			3 1.000000 -2.198748 -2.530687 -4.023973 -0.235747 -0.272067 0.932954
		}
		0.416009 0.521410
		weights 1 {
			3 1.000000 -3.221317 -0.939538 -4.023973 -0.345413 -0.101423 0.932954
		}
		0.416009 0.478590
		weights 1 {
			3 1.000000 -3.221317 0.951864 -4.023973 -0.345413 0.101422 0.932954
		}
		0.439397 0.442568
		weights 1 {
			3 1.000000 -2.198746 2.543012 -4.023973 -0.235747 0.272067 0.932954
		}
		0.478748 0.424780
		weights 1 {
			3 1.000000 -0.478267 3.328728 -4.023972 -0.051233 0.356331 0.932954
		}
		0.521568 0.430874
		weights 1 {
			3 1.000000 1.393883 3.059554 -4.023973 0.149548 0.327463 0.932954
		}
		0.554262 0.458915
		weights 1 {
			3 1.000000 2.823308 1.820948 -4.023973 0.302848 0.194628 0.932954
		}
		0.999501 0.500000
		weights 1 {
			3 1.000000 59.022282 0.006166 -31.902849 -0.049616 0.000000 -0.998768
		}
		0.918567 0.772828
		weights 1 {
			3 1.000000 49.652615 -31.903992 -31.902853 -0.041739 0.026824 -0.998768
		}
		0.701464 0.959034
		weights 1 {
			3 1.000000 24.518410 -53.682899 -31.902855 -0.020611 0.045132 -0.998768
		}
		0.417118 0.999500
		weights 1 {
			3 1.000000 -8.400392 -58.415901 -31.902855 0.007061 0.049111 -0.998768
		}
		0.155809 0.881379
		weights 1 {
			3 1.000000 -38.652302 -44.600311 -31.902853 0.032492 0.037497 -0.998768
		}
		0.000500 0.642172
		weights 1 {
			3 1.000000 -56.632561 -16.622480 -31.902851 0.047606 0.013979 -0.998768
		}
		0.000500 0.357827
		weights 1 {
			3 1.000000 -56.632553 16.634832 -31.902847 0.047606 -0.013978 -0.998768
		}
		0.155809 0.118621
		weights 1 {
			3 1.000000 -38.652283 44.612663 -31.902843 0.032491 -0.037497 -0.998768
		}
		0.417119 0.000500
		weights 1 {
			3 1.000000 -8.400369 58.428238 -31.902842 0.007061 -0.049111 -0.998768
		}
		0.701464 0.040966
		weights 1 {
			3 1.000000 24.518433 53.695221 -31.902842 -0.020611 -0.045132 -0.998768
		}
		0.918568 0.227173
		weights 1 {
			3 1.000000 49.652626 31.916304 -31.902845 -0.041739 -0.026824 -0.998768
		}
		0.744587 0.500000
		weights 1 {
			3 1.000000 55.778973 0.006166 -31.741732 -0.394888 0.000000 -0.918729
		}
		0.704121 0.636414
		weights 1 {
			3 1.000000 46.924168 -30.150528 -31.741734 -0.332201 0.213493 -0.918729
		}
		0.595569 0.729517
		weights 1 {
			3 1.000000 23.171087 -50.732685 -31.741737 -0.164042 0.359203 -0.918729
		}
		0.453396 0.749750
		weights 1 {
			3 1.000000 -7.938824 -55.205612 -31.741737 0.056198 0.390869 -0.918729
		}
		0.322742 0.690690
		weights 1 {
			3 1.000000 -36.528393 -42.149193 -31.741735 0.258597 0.298437 -0.918729
		}
		0.245087 0.571086
		weights 1 {
			3 1.000000 -53.520634 -15.708737 -31.741734 0.378892 0.111253 -0.918729
		}
		0.245087 0.428914
		weights 1 {
			3 1.000000 -53.520630 15.721087 -31.741730 0.378892 -0.111253 -0.918729
		}
		0.322742 0.309310
		weights 1 {
			3 1.000000 -36.528374 42.161530 -31.741726 0.258597 -0.298437 -0.918729
		}
		0.453396 0.250250
		weights 1 {
			3 1.000000 -7.938802 55.217945 -31.741724 0.056198 -0.390869 -0.918729
		}
		0.595569 0.270483
		weights 1 {
			3 1.000000 23.171108 50.744999 -31.741724 -0.164043 -0.359203 -0.918729
		}
		0.704121 0.363586
		weights 1 {
			3 1.000000 46.924179 30.162838 -31.741728 -0.332201 -0.213493 -0.918729
		}
	}
	triangles 88 {
		0 2 1
		0 3 2
		0 4 3
		0 5 4
		0 6 5
		0 7 6
		0 8 7
		0 9 8
		0 10 9
		0 11 10
		0 1 11
		46 13 12
		46 47 13
		47 14 13
		47 48 14
		48 15 14
		48 49 15
		49 16 15
		49 50 16
		50 17 16
		50 51 17
		51 18 17
		51 52 18
		52 19 18
		52 53 19
		53 20 19
		53 54 20
		54 21 20
		54 55 21
		55 22 21
		55 56 22
		56 12 22
		56 46 12
		12 24 23
		12 13 24
		13 25 24
		13 14 25
		14 26 25
		14 15 26
		15 27 26
		15 16 27
		16 28 27
		16 17 28
		17 29 28
		17 18 29
		18 30 29
		18 19 30
		19 31 30
		19 20 31
		20 32 31
		20 21 32
		21 33 32
		21 22 33
		22 23 33
		22 12 23
		57 35 34
		57 58 35
		58 36 35
		58 59 36
		59 37 36
		59 60 37
		60 38 37
		60 61 38
		61 39 38
		61 62 39
		62 40 39
		62 63 40
		63 41 40
		63 64 41
		64 42 41
		64 65 42
		65 43 42
		65 66 43
		66 44 43
		66 67 44
		67 34 44
		67 57 34
		45 68 69
		45 69 70
		45 70 71
		45 71 72
		45 72 73
		45 73 74
		45 74 75
		45 75 76
		45 76 77
		45 77 78
		45 78 68
	}
}
animation 2 {
	0.373609 -9.214842 -12.033028 0.500000 0.500000 -0.500000 0.500000
	0.373607 -9.214841 -29.007195 0.500000 0.500000 -0.500000 0.500000
	0.373607 -9.214840 -46.719376 0.500000 0.500000 -0.500000 0.500000
	0.373585 -9.214825 -64.119873 -0.000000 -0.000000 -0.000000 1.000000
	0.373607 -9.214843 5.679153 0.500000 0.500000 -0.500000 0.500000
	0.373609 -9.214842 -12.033028 0.500000 0.500000 -0.500000 0.500000
	0.373607 -9.214841 -29.007195 0.500000 0.500000 -0.500000 0.500000
	0.373607 -9.214840 -46.719376 0.500000 0.500000 -0.500000 0.500000
	0.373585 -9.214825 -64.119873 -0.000000 -0.000000 -0.000000 1.000000
	0.373607 -9.214843 5.679153 0.500000 0.500000 -0.500000 0.500000
}
